Epoch:0	HANN(SE):1.4631872177124023	NNL:6.489674631754557
Epoch:1	HANN(SE):1.239883303642273	NNL:5.214211102294923
Epoch:2	HANN(SE):1.1222466230392456	NNL:5.100643649631076
